#! FIELDS Id atom_i atom_j mu sigma
#! SET model gaussian
1 57 127 1.056467 0.266714
2 79 127 0.851589 0.199167
3 79 163 1.049975 0.180513
4 91 149 0.761595 0.207965
5 91 163 0.998396 0.084939
6 103 163 0.679205 0.104206
7 115 349 0.635479 0.075519
8 115 368 0.884850 0.055447
9 127 335 0.708547 0.054642
10 127 349 0.568116 0.067252
11 127 368 0.428203 0.058734
12 127 383 0.927848 0.050658
13 127 415 0.766834 0.070006
14 149 335 0.519801 0.051266
15 149 349 0.711670 0.040143
16 149 368 0.581073 0.054233
17 163 320 0.992308 0.036029
18 163 335 0.638185 0.037974
19 163 349 0.516408 0.051944
20 163 368 0.851394 0.040781
21 163 383 1.060652 0.036379
22 163 400 1.011684 0.047399
23 187 320 0.641554 0.035803
24 187 335 0.604611 0.041016
25 197 258 0.645490 0.070625
26 197 274 0.389282 0.026694
27 197 300 0.578260 0.030501
28 197 320 0.632702 0.030520
29 197 335 0.636347 0.028048
30 197 349 0.649912 0.028793
31 197 383 0.825534 0.029476
32 197 400 0.662583 0.036509
33 230 285 0.790449 0.049063
34 274 400 0.605938 0.038499
35 285 400 0.820105 0.034948
36 285 440 0.878936 0.043165
37 300 368 0.866510 0.021763
38 300 383 0.420901 0.026004
39 300 400 0.402126 0.028178
40 300 415 0.885514 0.021724
41 300 440 0.653515 0.024844
42 320 383 0.583018 0.030182
43 320 400 0.870600 0.021163
44 335 400 0.699200 0.020507
45 349 415 0.615309 0.023223
46 368 429 0.626883 0.022184
47 368 440 0.969193 0.018667
48 383 440 0.633978 0.020697
49 400 461 0.624357 0.020538
50 400 475 0.977079 0.020244
51 415 475 0.637251 0.023110
52 415 490 0.982065 0.019095
53 429 490 0.659095 0.020319
54 440 514 0.617928 0.019455
55 440 533 0.974813 0.018399
56 440 567 1.031135 0.021834
57 461 533 0.630520 0.021129
58 475 557 0.651825 0.021654
59 475 567 0.970499 0.018848
60 490 567 0.618575 0.019594
61 490 589 0.973182 0.017939
62 514 589 0.629715 0.020897
63 533 605 0.624987 0.020121
64 533 615 0.979796 0.019910
65 567 629 0.645242 0.024416
66 589 640 0.626837 0.020924
67 615 669 0.677731 0.036596
68 743 805 0.520757 0.024236
69 743 820 0.552249 0.030253
70 743 875 0.807861 0.041452
71 765 851 0.933645 0.026629
72 776 836 0.642454 0.021984
73 776 851 0.971081 0.019034
74 793 851 0.631236 0.021710
75 793 875 0.980817 0.019131
76 805 875 0.626175 0.019578
77 820 899 0.629263 0.022181
78 836 916 0.625254 0.020501
79 836 926 0.978675 0.019289
80 851 926 0.648663 0.022863
81 851 941 0.984901 0.020558
82 875 941 0.642055 0.022652
83 875 965 0.986233 0.020812
84 875 995 1.079619 0.030741
85 899 965 0.636340 0.022490
86 926 995 0.648223 0.025407
87 941 1017 0.651606 0.023334
88 941 1034 0.986332 0.022316
89 941 1058 1.092753 0.025847
90 965 1034 0.642125 0.026260
91 985 1058 0.650362 0.028833
92 995 1080 0.651450 0.033064
93 995 1095 0.978282 0.028407
94 1017 1095 0.638220 0.033887
95 1034 1119 0.646624 0.039236
96 1034 1130 1.016222 0.050943
97 1058 1130 0.695906 0.069239
98 1080 1152 0.735730 0.106444
